N2=100, predictions: [110, 120, 110, 120, 120, 120, 120, 120, 130, 130], average: 120.0, error: 0.2
N2=200, predictions: [220, 230, 230, 210, 240, 210, 230, 240, 210, 220], average: 224.0, error: 0.12
N2=300, predictions: [340, 330, 320, 330, 330, 330, 310, 320, 340, 330], average: 328.0, error: 0.09333333333333334
N2=400, predictions: [450, 420, 420, 420, 430, 430, 420, 410, 440, 410], average: 425.0, error: 0.0625
N2=500, predictions: [520, 540, 530, 530, 520, 540, 540, 560, 540, 550], average: 537.0, error: 0.074
N2=600, predictions: [670, 650, 630, 650, 640, 650, 660, 650, 640, 640], average: 648.0, error: 0.08
N2=700, predictions: [730, 740, 730, 740, 750, 760, 730, 750, 730, 750], average: 741.0, error: 0.05857142857142857
N2=800, predictions: [880, 870, 860, 830, 840, 840, 880, 820, 830, 890], average: 854.0, error: 0.0675
N2=900, predictions: [1000, 950, 940, 960, 950, 950, 980, 970, 960, 970], average: 963.0, error: 0.07
N2=1000, predictions: [1120, 1120, 1060, 1120, 1080, 1080, 1060, 1060, 1050, 1090], average: 1084.0, error: 0.084
N2=1100, predictions: [1170, 1170, 1160, 1170, 1160, 1180, 1190, 1170, 1180, 1170], average: 1172.0, error: 0.06545454545454546
N2=1200, predictions: [1310, 1300, 1320, 1310, 1300, 1290, 1300, 1290, 1270, 1260], average: 1295.0, error: 0.07916666666666666
N2=1300, predictions: [1470, 1400, 1430, 1430, 1420, 1400, 1420, 1370, 1380, 1380], average: 1410.0, error: 0.08461538461538462
N2=1400, predictions: [1470, 1540, 1440, 1540, 1530, 1520, 1480, 1500, 1500, 1470], average: 1499.0, error: 0.07071428571428572
N2=1500, predictions: [1690, 1650, 1630, 1580, 1610, 1630, 1640, 1580, 1660, 1630], average: 1630.0, error: 0.08666666666666667
N2=1600, predictions: [1720, 1750, 1730, 1760, 1750, 1740, 1730, 1730, 1780, 1730], average: 1742.0, error: 0.08875
N2=1700, predictions: [1890, 1860, 1840, 1870, 1820, 1910, 1850, 1820, 1880, 1830], average: 1857.0, error: 0.09235294117647058
N2=1800, predictions: [1920, 1960, 1930, 1980, 1940, 2010, 1940, 1970, 1960, 1960], average: 1957.0, error: 0.08722222222222223
N2=1900, predictions: [2120, 2030, 2150, 2080, 2090, 2160, 2040, 2130, 2060, 2150], average: 2101.0, error: 0.10578947368421053
N2=2000, predictions: [2160, 2170, 2250, 2150, 2200, 2220, 2170, 2240, 2220, 2200], average: 2198.0, error: 0.099
N2=2100, predictions: [2370, 2340, 2340, 2290, 2320, 2300, 2270, 2370, 2320, 2290], average: 2321.0, error: 0.10523809523809524
N2=2200, predictions: [2430, 2480, 2420, 2440, 2500, 2430, 2470, 2370, 2450, 2410], average: 2440.0, error: 0.10909090909090909
N2=2300, predictions: [2600, 2600, 2530, 2510, 2550, 2520, 2640, 2570, 2620, 2670], average: 2581.0, error: 0.12217391304347826
N2=2400, predictions: [2760, 2700, 2760, 2710, 2630, 2650, 2750, 2670, 2690, 2730], average: 2705.0, error: 0.12708333333333333
N2=2500, predictions: [2780, 2920, 2830, 2740, 2790, 2740, 2800, 2800, 2790, 2790], average: 2798.0, error: 0.1192
N2=2600, predictions: [2910, 2900, 2930, 2860, 2980, 2970, 2980, 2910, 2900, 2950], average: 2929.0, error: 0.12653846153846154
N2=2700, predictions: [3020, 3040, 3020, 3010, 3000, 3040, 2970, 3000, 3010, 3040], average: 3015.0, error: 0.11666666666666667
N2=2800, predictions: [3020, 3110, 3140, 3250, 3160, 3150, 3140, 3100, 3080, 3220], average: 3137.0, error: 0.12035714285714286
N2=2900, predictions: [3300, 3230, 3220, 3300, 3290, 3380, 3360, 3330, 3270, 3250], average: 3293.0, error: 0.13551724137931034
N2=3000, predictions: [3400, 3370, 3410, 3330, 3410, 3300, 3380, 3460, 3350, 3260], average: 3367.0, error: 0.12233333333333334