N2=300, predictions: [580, 560, 600, 640, 660, 580, 580, 620, 560, 580], average: 596.0, error: 0.9866666666666667
N2=500, predictions: [780, 780, 780, 700, 780, 780, 780, 780, 740, 780], average: 768.0, error: 0.536
N2=700, predictions: [880, 900, 900, 900, 900, 860, 900, 900, 900, 900], average: 894.0, error: 0.27714285714285714
N2=900, predictions: [1060, 1060, 1060, 1060, 1060, 1060, 1080, 1060, 1060, 1060], average: 1062.0, error: 0.18
N2=1100, predictions: [1300, 1260, 1260, 1280, 1300, 1260, 1280, 1300, 1300, 1240], average: 1278.0, error: 0.1618181818181818
N2=1300, predictions: [1440, 1380, 1380, 1440, 1380, 1440, 1380, 1380, 1500, 1440], average: 1416.0, error: 0.08923076923076922
N2=1500, predictions: [1620, 1560, 1560, 1620, 1500, 1560, 1500, 1560, 1500, 1560], average: 1554.0, error: 0.036
N2=1700, predictions: [1620, 1680, 1620, 1620, 1620, 1620, 1680, 1680, 1680, 1620], average: 1644.0, error: 0.03294117647058824
N2=1800, predictions: [1740, 1680, 1680, 1740, 1680, 1680, 1680, 1680, 1680, 1680], average: 1692.0, error: 0.06
N2=1900, predictions: [1740, 1740, 1740, 1680, 1740, 1740, 1680, 1820, 1740, 1740], average: 1736.0, error: 0.0863157894736842
N2=2000, predictions: [1740, 1740, 1740, 1820, 1820, 1740, 1740, 1820, 1740, 1740], average: 1764.0, error: 0.118
N2=2100, predictions: [1740, 1740, 1820, 1740, 1740, 1740, 1740, 1740, 1820, 1740], average: 1756.0, error: 0.16380952380952382
N2=2200, predictions: [1820, 1820, 1820, 1740, 1820, 1740, 1820, 1820, 1740, 1820], average: 1796.0, error: 0.18363636363636363
N2=2300, predictions: [1820, 1820, 1820, 1820, 1820, 1820, 1740, 1820, 1820, 1820], average: 1812.0, error: 0.21217391304347827
N2=2400, predictions: [1820, 1820, 1820, 1820, 1820, 1820, 1820, 1820, 1820, 1820], average: 1820.0, error: 0.24166666666666667
N2=2500, predictions: [1820, 1820, 1820, 1820, 1820, 1820, 1820, 1820, 1740, 1820], average: 1812.0, error: 0.2752