N2=100, predictions: [320, 420, 480, 460, 380, 400, 340, 440, 460, 500], average: 420.0, error: 3.2
N2=300, predictions: [880, 880, 1020, 880, 960, 720, 940, 680, 800, 880], average: 864.0, error: 1.88
N2=500, predictions: [1180, 1080, 1160, 1060, 1160, 860, 1060, 1140, 1060, 1200], average: 1096.0, error: 1.192
N2=700, predictions: [1280, 1220, 1400, 1260, 1360, 1360, 1400, 1320, 1280, 1280], average: 1316.0, error: 0.88
N2=900, predictions: [1620, 1460, 1620, 1420, 1520, 1720, 1520, 1600, 1500, 1540], average: 1552.0, error: 0.7244444444444444
N2=1100, predictions: [1700, 1760, 1600, 1720, 1540, 1740, 1700, 1680, 1700, 1740], average: 1688.0, error: 0.5345454545454545
N2=1300, predictions: [1820, 1940, 1720, 1840, 1820, 1780, 1660, 1900, 1800, 1740], average: 1802.0, error: 0.3861538461538462
N2=1500, predictions: [1900, 1800, 1880, 1880, 1960, 1860, 1740, 1900, 1740, 1820], average: 1848.0, error: 0.232
N2=1700, predictions: [1980, 1880, 1960, 2220, 2260, 1940, 1880, 1920, 1860, 1720], average: 1962.0, error: 0.15411764705882353
N2=1800, predictions: [1840, 2080, 2220, 2100, 2020, 2060, 1860, 2020, 2040, 2020], average: 2026.0, error: 0.12555555555555556
N2=1900, predictions: [1880, 1980, 2000, 2100, 2120, 2180, 2140, 1700, 1800, 2020], average: 1992.0, error: 0.04842105263157895
N2=2000, predictions: [2060, 2240, 2080, 2120, 2020, 2140, 2040, 2280, 2100, 2080], average: 2116.0, error: 0.058
N2=2100, predictions: [2160, 2080, 1880, 1820, 2260, 1960, 2000, 2340, 2140, 2200], average: 2084.0, error: 0.007619047619047619
N2=2200, predictions: [2460, 2120, 2220, 1940, 2080, 2140, 2320, 2220, 2140, 2080], average: 2172.0, error: 0.012727272727272728
N2=2300, predictions: [2000, 2160, 2020, 1980, 2140, 2340, 2440, 1960, 2080, 2180], average: 2130.0, error: 0.07391304347826087
N2=2400, predictions: [2200, 2120, 2280, 2300, 2400, 2000, 2120, 2140, 2080, 2420], average: 2206.0, error: 0.08083333333333333