N2=100, predictions: [440, 380, 420, 440, 360, 400, 360, 460, 380, 440], average: 408.0, error: 3.08
N2=300, predictions: [580, 540, 500, 440, 460, 460, 500, 480, 460, 500], average: 492.0, error: 0.64
N2=500, predictions: [560, 640, 580, 580, 660, 580, 580, 600, 540, 660], average: 598.0, error: 0.196
N2=700, predictions: [680, 600, 640, 640, 660, 640, 640, 640, 620, 660], average: 642.0, error: 0.08285714285714285
N2=900, predictions: [740, 620, 720, 720, 660, 780, 680, 580, 640, 660], average: 680.0, error: 0.24444444444444444
N2=1100, predictions: [700, 820, 720, 720, 640, 680, 660, 680, 720, 780], average: 712.0, error: 0.3527272727272727
N2=1300, predictions: [700, 740, 740, 700, 700, 760, 680, 740, 760, 760], average: 728.0, error: 0.44
N2=1500, predictions: [720, 800, 780, 740, 820, 700, 680, 820, 700, 720], average: 748.0, error: 0.5013333333333333
N2=1700, predictions: [920, 700, 680, 700, 760, 720, 840, 800, 740, 720], average: 758.0, error: 0.5541176470588235
N2=1800, predictions: [720, 780, 740, 800, 800, 800, 760, 660, 720, 760], average: 754.0, error: 0.5811111111111111
N2=1900, predictions: [720, 820, 760, 820, 820, 860, 860, 800, 700, 840], average: 800.0, error: 0.5789473684210527
N2=2000, predictions: [800, 740, 720, 760, 760, 760, 700, 860, 740, 820], average: 766.0, error: 0.617
N2=2100, predictions: [740, 780, 780, 740, 780, 800, 740, 820, 820, 800], average: 780.0, error: 0.6285714285714286
N2=2200, predictions: [700, 800, 760, 920, 800, 940, 780, 900, 840, 720], average: 816.0, error: 0.6290909090909091
N2=2300, predictions: [900, 740, 860, 800, 760, 720, 900, 860, 800, 820], average: 816.0, error: 0.6452173913043479
N2=2400, predictions: [720, 720, 680, 640, 740, 920, 660, 780, 820, 840], average: 752.0, error: 0.6866666666666666