N2=100, predictions: [280, 600, 400, 600, 540, 460, 420, 460, 320, 460], average: 454.0, error: 3.54
N2=300, predictions: [680, 780, 540, 640, 940, 800, 880, 760, 680, 720], average: 742.0, error: 1.4733333333333334
N2=500, predictions: [1260, 1180, 1020, 1060, 1200, 1260, 1020, 1120, 1380, 1120], average: 1162.0, error: 1.324
N2=700, predictions: [1660, 1260, 1500, 1420, 1600, 1360, 1540, 1620, 1400, 1240], average: 1460.0, error: 1.0857142857142856
N2=900, predictions: [1940, 2020, 2000, 2060, 1820, 1780, 1620, 2060, 1940, 2060], average: 1930.0, error: 1.1444444444444444
N2=1100, predictions: [2120, 1860, 2020, 1940, 2400, 1780, 2580, 2040, 2140, 2180], average: 2106.0, error: 0.9145454545454546
N2=1300, predictions: [2560, 2840, 2560, 2560, 2620, 2900, 2620, 2340, 2600, 2600], average: 2620.0, error: 1.0153846153846153
N2=1500, predictions: [2860, 2980, 2740, 2980, 2980, 2980, 2980, 2980, 2240, 2300], average: 2802.0, error: 0.868
N2=1700, predictions: [2960, 2980, 2760, 2980, 2980, 2980, 2980, 2980, 2980, 2700], average: 2928.0, error: 0.7223529411764706
N2=1800, predictions: [2980, 2980, 2980, 2980, 2980, 2980, 2980, 2980, 2980, 2980], average: 2980.0, error: 0.6555555555555556
N2=1900, predictions: [2920, 2980, 2980, 2980, 2980, 2980, 2980, 2980, 2980, 2540], average: 2930.0, error: 0.5421052631578948
N2=2000, predictions: [2980, 2980, 2980, 2980, 2980, 2980, 2980, 2980, 2980, 2980], average: 2980.0, error: 0.49
N2=2100, predictions: [2980, 2980, 2980, 2980, 2980, 2980, 2980, 2980, 2980, 2980], average: 2980.0, error: 0.41904761904761906
N2=2200, predictions: [2980, 2980, 2980, 2980, 2980, 2980, 2980, 2980, 2980, 2980], average: 2980.0, error: 0.35454545454545455
N2=2300, predictions: [2980, 2980, 2980, 2980, 2980, 2980, 2980, 2980, 2980, 2980], average: 2980.0, error: 0.2956521739130435
N2=2400, predictions: [2980, 2980, 2980, 2980, 2980, 2980, 2980, 2980, 2980, 2980], average: 2980.0, error: 0.24166666666666667