N2=100, predictions: [130, 130, 130, 120, 120, 120, 130, 120, 130, 120], average: 125.0, error: 0.25
N2=300, predictions: [340, 330, 340, 340, 330, 330, 340, 320, 330, 320], average: 332.0, error: 0.10666666666666667
N2=500, predictions: [560, 550, 550, 540, 530, 560, 530, 540, 560, 540], average: 546.0, error: 0.092
N2=700, predictions: [810, 770, 820, 810, 790, 770, 800, 810, 770, 810], average: 796.0, error: 0.13714285714285715
N2=900, predictions: [1090, 1020, 1040, 1070, 1010, 1010, 1030, 1030, 1060, 1050], average: 1041.0, error: 0.15666666666666668
N2=1100, predictions: [1280, 1290, 1310, 1350, 1260, 1310, 1310, 1350, 1300, 1290], average: 1305.0, error: 0.18636363636363637
N2=1300, predictions: [1580, 1490, 1620, 1540, 1640, 1600, 1540, 1530, 1530, 1580], average: 1565.0, error: 0.20384615384615384
N2=1500, predictions: [1830, 1920, 1820, 1870, 1870, 1760, 1840, 1760, 1900, 1760], average: 1833.0, error: 0.222
N2=1700, predictions: [1990, 1990, 1990, 1990, 1990, 1990, 1990, 1990, 1990, 1990], average: 1990.0, error: 0.17058823529411765
N2=1800, predictions: [2320, 2250, 2300, 2270, 2220, 2290, 2210, 2310, 2400, 2300], average: 2287.0, error: 0.27055555555555555
N2=2000, predictions: [2500, 2530, 2620, 2590, 2400, 2620, 2490, 2450, 2580, 2560], average: 2534.0, error: 0.267
N2=2200, predictions: [2830, 2940, 2820, 2860, 2920, 3050, 2760, 2800, 2790, 2820], average: 2859.0, error: 0.29954545454545456
N2=2400, predictions: [3060, 3200, 3020, 3170, 3260, 3030, 3160, 3240, 3150, 3260], average: 3155.0, error: 0.3145833333333333
N2=2600, predictions: [3490, 3490, 3440, 3490, 3350, 3490, 3490, 3490, 3490, 3490], average: 3471.0, error: 0.335
N2=2800, predictions: [3490, 3490, 3490, 3490, 3490, 3490, 3490, 3490, 3490, 3490], average: 3490.0, error: 0.24642857142857144
N2=3000, predictions: [3490, 3490, 3490, 3490, 3490, 3490, 3490, 3490, 3490, 3490], average: 3490.0, error: 0.16333333333333333